				
0.0070170831				18814.9902208513
0.0140314032				37629.9804417027
0.028477938				75259.9608834054
0.042441632				112889.941325108
0.0563392936				150519.921766811
0.0140314032				37629.9804417027
0.028477938				75259.9608834054
0.042441632				112889.941325108
0.0563392936				150519.921766811
0.0705800675				188149.902208513
0.0842803315				225779.882650216
0.0978540413				263409.863091919
0.1112832381				301039.843533621
0.0039472864				9291.3531954822
0.0074555877				18582.7063909643
0.0144696435				37165.4127819286
0.0219157789				55748.1191728929
0.0293522005				74330.8255638572
0.0078940809				18582.7063909643
0.0149078615				37165.4127819286
0.0293522005				74330.8255638572
0.0433123899				111496.238345786
0.057638063				148661.651127714
